-1 292 178 293 156 147 191 202 109 220 68 31 124 234 224 41
292 -1 347 7 152 146 340 149 391 86 355 316 199 148 79 261
178 347 -1 343 273 240 21 329 249 311 157 157 268 216 268 206
293 7 343 -1 155 146 336 154 392 90 354 315 202 142 76 262
156 152 273 155 -1 41 276 55 243 68 223 184 46 175 111 117
147 146 240 146 41 -1 240 93 246 77 211 172 72 136 86 115
191 340 21 336 276 240 -1 331 267 310 176 173 274 205 262 217
202 149 329 154 55 93 331 -1 276 66 270 232 78 214 137 161
109 391 249 392 243 246 267 276 -1 311 91 104 200 344 329 131
220 86 311 90 68 77 310 66 311 -1 286 247 114 159 76 184
68 355 157 354 223 211 176 270 91 286 -1 39 192 277 282 108
31 316 157 315 184 172 173 232 104 247 39 -1 155 245 245 72
124 199 268 202 46 72 274 78 200 114 192 155 -1 208 155 83
234 148 216 142 175 136 205 214 344 159 277 245 208 -1 84 222
224 79 268 76 111 86 262 137 329 76 282 245 155 84 -1 198
41 261 206 262 117 115 217 161 131 184 108 72 83 222 198 -1