-1 75 86 192 100 101 120 15 34 18
75 -1 45 181 94 126 140 60 46 88
86 45 -1 227 51 164 180 74 52 104
192 181 227 -1 271 101 86 187 197 184
100 94 51 271 -1 196 213 94 77 117
101 126 164 101 196 -1 18 102 119 89
120 140 180 86 213 18 -1 120 136 107
15 60 74 187 94 102 120 -1 21 30
34 46 52 197 77 119 136 21 -1 51
18 88 104 184 117 89 107 30 51 -1