-1 834 791 934 776 1238 305 706 708 323 413 857 115 711 854 954 899 713 868 528 657 367 1029 958 782 695 152 650 222 285
834 -1 139 652 539 808 572 379 1031 843 578 84 841 927 359 709 943 316 738 310 654 930 535 247 1068 759 859 773 738 682
791 139 -1 515 400 691 504 243 906 751 480 223 780 797 226 572 804 180 598 306 522 836 416 179 939 626 792 644 663 600
934 652 515 -1 168 307 650 320 608 706 522 737 859 481 295 57 366 370 148 695 294 754 220 475 601 326 847 378 720 651
776 539 400 168 -1 462 485 170 566 575 363 622 708 442 217 208 407 230 200 535 184 636 280 417 580 264 701 303 569 498
1238 808 691 307 462 -1 947 574 869 1012 825 888 1166 748 476 304 575 605 419 940 601 1058 275 573 844 618 1155 672 1027 957
305 572 504 650 485 947 -1 401 607 292 140 613 276 557 548 679 697 409 610 303 403 380 726 661 670 472 289 443 167 124
706 379 243 320 170 574 401 -1 670 576 316 459 661 557 150 369 564 63 369 375 280 652 329 314 698 383 663 404 526 455
708 1031 906 608 566 869 607 670 -1 386 501 1102 594 127 778 581 310 728 463 869 393 352 817 974 74 301 559 267 518 500
323 843 751 706 575 1012 292 576 386 -1 271 894 210 393 724 711 592 611 607 595 411 88 854 882 459 412 179 361 147 168
413 578 480 522 363 825 140 316 501 271 -1 635 350 433 466 546 559 343 472 368 263 355 623 612 557 333 348 308 212 140
857 84 223 737 622 888 613 459 1102 894 635 -1 874 1001 443 794 1024 396 821 328 730 982 616 320 1141 835 895 847 780 729
115 841 780 859 708 1166 276 661 594 210 350 874 -1 601 811 874 795 678 781 549 573 252 973 936 668 598 38 551 139 211
711 927 797 481 442 748 557 557 127 393 433 1001 601 -1 657 456 214 618 337 791 276 387 690 855 141 178 572 153 501 466
854 359 226 295 217 476 548 150 778 724 466 443 811 657 -1 352 618 145 399 468 387 797 206 199 796 479 813 512 677 606
954 709 572 57 208 304 679 369 581 711 546 794 874 456 352 -1 321 423 119 742 302 754 268 533 567 314 860 368 737 670
899 943 804 366 407 575 697 564 310 592 559 1024 795 214 618 321 -1 628 224 876 318 597 586 816 272 226 769 255 680 631
713 316 180 370 230 605 409 63 728 611 343 396 678 618 145 423 628 -1 430 335 341 690 345 271 759 445 683 464 547 477
868 738 598 148 200 419 610 369 463 607 472 821 781 337 399 119 224 430 -1 720 211 643 367 594 453 200 764 254 648 584
528 310 306 695 535 940 303 375 869 595 368 328 549 791 468 742 876 335 720 -1 558 683 675 486 922 656 572 649 467 426
657 654 522 294 184 601 403 280 393 411 263 730 573 276 387 302 318 341 211 558 -1 462 461 581 418 105 558 125 437 372
367 930 836 754 636 1058 380 652 352 88 355 982 252 387 797 754 597 690 643 683 462 -1 916 961 426 444 215 390 227 256
1029 535 416 220 280 275 726 329 817 854 623 616 973 690 206 268 586 345 367 675 461 916 -1 309 816 522 970 569 835 762
958 247 179 475 417 573 661 314 974 882 612 320 936 855 199 533 816 271 594 486 581 961 309 -1 994 676 945 707 812 744
782 1068 939 601 580 844 670 698 74 459 557 1141 668 141 796 567 272 759 453 922 418 426 816 994 -1 318 634 294 589 567
695 759 626 326 264 618 472 383 301 412 333 835 598 178 479 314 226 445 200 656 105 444 522 676 318 -1 578 54 472 416
152 859 792 847 701 1155 289 663 559 179 348 895 38 572 813 860 769 683 764 572 558 215 970 945 634 578 -1 529 136 208
650 773 644 378 303 672 443 404 267 361 308 847 551 153 512 368 255 464 254 649 125 390 569 707 294 54 529 -1 428 376
222 738 663 720 569 1027 167 526 518 147 212 780 139 501 677 737 680 547 648 467 437 227 835 812 589 472 136 428 -1 72
285 682 600 651 498 957 124 455 500 168 140 729 211 466 606 670 631 477 584 426 372 256 762 744 567 416 208 376 72 -1