-1 371 314 154 23 355 179 132 216 254 199 241 324 245 165 328 416 194 269 320 120 206 365 308
371 -1 674 386 351 480 228 471 394 518 355 570 88 408 233 446 594 344 478 198 488 518 224 118
314 674 -1 312 337 577 493 295 346 408 471 130 611 490 444 564 578 472 309 632 228 182 675 588
154 386 312 -1 164 507 276 273 63 405 344 190 311 396 156 478 571 337 121 412 226 136 461 285
23 351 337 164 -1 343 156 140 223 252 183 263 306 232 152 315 409 177 282 297 138 227 343 291
355 480 577 507 343 -1 292 288 565 176 167 564 501 110 436 34 118 177 625 290 361 547 289 507
179 228 493 276 156 292 -1 248 318 292 137 415 219 196 154 258 393 125 396 143 280 375 190 219
132 471 295 273 140 288 248 -1 336 139 181 278 439 195 292 270 315 184 372 368 73 269 403 427
216 394 346 63 223 565 318 336 -1 468 400 217 312 454 178 535 632 392 85 448 288 163 497 282
254 518 408 405 252 176 292 139 468 -1 166 414 508 131 390 173 177 176 510 366 210 408 387 504
199 355 471 344 183 167 137 181 400 166 -1 429 355 61 270 135 258 11 464 202 243 403 230 356
241 570 130 190 263 564 415 278 217 414 429 -1 499 463 336 544 591 426 179 558 205 55 605 474
324 88 611 311 306 501 219 439 312 508 355 499 -1 414 167 466 609 344 395 244 444 446 281 30
245 408 490 396 232 110 196 195 454 131 61 463 414 -1 330 82 197 72 514 239 265 442 256 416
165 233 444 156 152 436 154 292 178 390 270 336 167 330 -1 403 525 259 262 271 284 285 320 146
328 446 564 478 315 34 258 270 535 173 135 544 466 82 403 -1 149 145 597 257 343 524 259 473
416 594 578 571 409 118 393 315 632 177 258 591 609 197 525 149 -1 269 681 407 387 585 407 612
194 344 472 337 177 177 125 184 392 176 11 426 344 72 259 145 269 -1 457 194 243 399 223 345
269 478 309 121 282 625 396 372 85 510 464 179 395 514 262 597 681 457 -1 529 311 136 578 365
320 198 632 412 297 290 143 368 448 366 202 558 244 239 271 257 407 194 529 -1 412 517 49 261
120 488 228 226 138 361 280 73 288 210 243 205 444 265 284 343 387 243 311 412 -1 199 452 428
206 518 182 136 227 547 375 269 163 408 403 55 446 442 285 524 585 399 136 517 199 -1 565 420
365 224 675 461 343 289 190 403 497 387 230 605 281 256 320 259 407 223 578 49 452 565 -1 302
308 118 588 285 291 507 219 427 282 504 356 474 30 416 146 473 612 345 365 261 428 420 302 -1