-1 195 320 48 144 213 117 203 240 282 195 96 317 185 73 231 273 281 102 215
195 -1 280 154 62 365 282 351 53 97 58 229 127 247 261 140 250 174 106 377
320 280 -1 280 247 308 297 293 318 255 336 251 280 162 386 140 48 123 322 330
48 154 280 -1 99 225 133 213 203 236 164 92 272 160 122 183 234 233 80 233
144 62 247 99 -1 303 221 289 115 137 99 167 173 189 216 116 210 161 83 315
213 365 308 225 303 -1 96 15 418 423 388 136 460 157 216 314 265 350 304 23
117 282 297 133 221 96 -1 87 333 352 298 58 389 135 129 260 249 304 211 100
203 351 293 213 289 15 87 -1 404 408 375 123 445 142 212 298 251 335 293 37
240 53 318 203 115 418 333 404 -1 91 58 282 106 299 302 179 294 203 143 429
282 97 255 236 137 423 352 408 91 -1 142 294 37 281 352 128 242 132 203 438
195 58 336 164 99 388 298 375 58 142 -1 252 163 287 251 197 304 232 93 397
96 229 251 92 167 136 58 123 282 294 252 -1 332 97 141 202 202 248 172 147
317 127 280 272 173 460 389 445 106 37 163 332 -1 318 386 162 272 158 234 476
185 247 162 160 189 157 135 142 299 281 287 97 318 -1 238 161 114 194 230 178
73 261 386 122 216 216 129 212 302 352 251 141 386 238 -1 304 337 354 158 211
231 140 140 183 116 314 260 298 179 128 197 202 162 161 304 -1 116 50 198 332
273 250 48 234 210 265 249 251 294 242 304 202 272 114 337 116 -1 117 280 288
281 174 123 233 161 350 304 335 203 132 232 248 158 194 354 50 117 -1 244 370
102 106 322 80 83 304 211 293 143 203 93 172 234 230 158 198 280 244 -1 311
215 377 330 233 315 23 100 37 429 438 397 147 476 178 211 332 288 370 311 -1