-1 662 711 383 587 117 641 491 849 314 230 521 436 210 711 915 930 501 465 765 895 818 273 169 780 547 395 777 369 798 422 634 359 369 560 934 929 45 236 460
662 -1 255 323 1146 755 33 1075 277 628 605 412 241 800 350 700 908 161 276 356 293 666 427 675 875 665 525 872 315 418 326 881 325 524 128 790 830 655 439 1039
711 255 -1 328 1077 773 282 1025 156 557 735 264 299 787 101 446 673 302 472 101 213 423 438 660 669 502 708 667 456 162 511 721 464 699 213 541 585 720 540 990
383 323 328 -1 822 454 314 752 466 308 428 206 87 485 341 618 733 185 292 391 514 541 114 357 645 401 453 642 208 432 297 598 210 436 199 672 690 392 230 717
587 1146 1077 822 -1 471 1136 103 1233 525 809 814 906 380 1023 1028 872 998 1024 1079 1290 927 723 485 691 627 981 689 917 1079 990 491 909 955 1021 981 941 626 798 128
117 755 773 454 471 -1 736 374 919 293 340 555 519 100 759 921 900 594 576 815 968 820 339 134 738 526 510 735 476 840 536 572 467 484 644 927 914 155 345 343
641 33 282 314 1136 736 -1 1062 310 622 576 420 229 785 374 724 926 141 243 384 327 686 414 661 886 670 492 884 287 445 294 885 297 491 128 812 850 632 414 1027
491 1075 1025 752 103 374 1062 -1 1181 468 709 767 833 289 979 1018 889 923 937 1036 1236 914 648 403 707 605 883 704 832 1041 901 504 824 857 952 982 947 528 708 35
849 277 156 466 1233 919 310 1181 -1 713 846 420 419 938 229 518 776 391 544 189 58 523 580 811 797 652 791 796 556 233 590 868 565 787 305 623 676 854 658 1146
314 628 557 308 525 293 622 468 713 -1 506 302 395 258 515 630 616 492 562 572 768 527 232 160 467 235 623 464 456 585 545 342 451 598 501 633 622 354 377 433
230 605 735 428 809 340 576 709 846 506 -1 620 435 438 767 1035 1100 457 346 812 881 948 357 388 968 722 179 965 292 858 293 844 283 155 540 1074 1081 186 198 681
521 412 264 206 814 555 420 767 420 302 620 -1 258 549 213 416 534 337 484 270 477 335 265 428 468 254 659 466 412 287 498 473 415 642 293 465 484 544 427 732
436 241 299 87 906 519 229 833 419 395 435 258 -1 560 338 650 793 97 226 380 462 583 186 433 717 479 424 714 168 430 244 682 173 412 125 715 739 436 241 798
210 800 787 485 380 100 785 289 938 258 438 549 560 -1 760 885 836 644 648 817 991 781 374 128 667 474 605 663 543 836 612 489 535 579 683 878 860 252 419 256
711 350 101 341 1023 759 374 979 229 515 767 213 338 760 -1 350 571 367 539 57 287 321 439 637 572 424 762 571 505 91 571 638 512 750 284 441 484 727 568 945
915 700 446 618 1028 921 724 1018 518 630 1035 416 650 885 350 -1 282 703 870 350 563 104 678 787 384 418 1069 384 816 292 894 548 820 1054 626 109 170 944 843 989
930 908 673 733 872 900 926 889 776 616 1100 534 793 836 571 282 -1 868 1019 592 826 253 753 773 182 382 1176 185 942 543 1030 385 943 1156 810 176 114 968 929 866
501 161 302 185 998 594 141 923 391 492 457 337 97 644 367 703 868 -1 171 397 423 646 275 520 804 571 406 801 165 454 208 778 175 400 89 777 807 494 281 888
465 276 472 292 1024 576 243 937 544 562 346 484 226 648 539 870 1019 171 -1 569 567 808 330 540 937 693 249 934 107 626 53 882 114 248 259 940 966 444 231 903
765 356 101 391 1079 815 384 1036 189 572 812 270 380 817 57 350 592 397 569 -1 245 339 492 694 608 475 799 607 544 61 604 686 551 789 310 449 498 779 614 1001
895 293 213 514 1290 968 327 1236 58 768 881 477 462 991 287 563 826 423 567 245 -1 574 628 863 853 710 816 852 589 284 616 926 598 814 343 670 725 898 697 1201
818 666 423 541 927 820 686 914 523 527 948 335 583 781 321 104 253 646 808 339 574 -1 591 686 306 313 994 306 745 290 828 453 748 977 578 131 164 849 760 885
273 427 438 114 723 339 414 648 580 232 357 265 186 374 439 678 753 275 330 492 628 591 -1 247 640 389 425 636 225 528 316 558 221 403 309 717 726 287 176 612
169 675 660 357 485 134 661 403 811 160 388 428 433 128 637 787 773 520 540 694 863 686 247 -1 616 394 535 613 432 715 509 465 425 509 555 793 782 213 318 368
780 875 669 645 691 738 886 707 797 467 968 468 717 667 572 384 182 804 937 608 853 306 640 616 -1 251 1064 3 848 573 940 203 848 1042 761 306 255 821 814 684
547 665 502 401 627 526 670 605 652 235 722 254 479 474 424 418 382 571 693 475 710 313 389 394 251 -1 813 247 600 463 692 219 599 791 542 404 388 585 562 574
395 525 708 453 981 510 492 883 791 623 179 659 424 605 762 1069 1176 406 249 799 816 994 425 535 1064 813 -1 1061 256 852 201 964 251 26 496 1125 1141 355 250 854
777 872 667 642 689 735 884 704 796 464 965 466 714 663 571 384 185 801 934 607 852 306 636 613 3 247 1061 -1 845 572 937 200 845 1039 758 307 257 817 810 681
369 315 456 208 917 476 287 832 556 456 292 412 168 543 505 816 942 165 107 544 589 745 225 432 848 600 256 845 -1 596 92 782 10 245 251 877 897 353 133 798
798 418 162 432 1079 840 445 1041 233 585 858 287 430 836 91 292 543 454 626 61 284 290 528 715 573 463 852 572 596 -1 660 666 603 841 368 394 444 815 660 1008
422 326 511 297 990 536 294 901 590 545 293 498 244 612 571 894 1030 208 53 604 616 828 316 509 940 692 201 937 92 660 -1 873 94 198 297 959 982 398 192 868
634 881 721 598 491 572 885 504 868 342 844 473 682 489 638 548 385 778 882 686 926 453 558 465 203 219 964 200 782 666 873 -1 779 940 756 491 449 678 718 481
359 325 464 210 909 467 297 824 565 451 283 415 173 535 512 820 943 175 114 551 598 748 221 425 848 599 251 845 10 603 94 779 -1 238 260 880 899 343 123 790
369 524 699 436 955 484 491 857 787 598 155 642 412 579 750 1054 1156 400 248 789 814 977 403 509 1042 791 26 1039 245 841 198 940 238 -1 489 1107 1122 329 228 828
560 128 213 199 1021 644 128 952 305 501 540 293 125 683 284 626 810 89 259 310 343 578 309 555 761 542 496 758 251 368 297 756 260 489 -1 707 741 559 354 916
934 790 541 672 981 927 812 982 623 633 1074 465 715 878 441 109 176 777 940 449 670 131 717 793 306 404 1125 307 877 394 959 491 880 1107 707 -1 62 967 889 955
929 830 585 690 941 914 850 947 676 622 1081 484 739 860 484 170 114 807 966 498 725 164 726 782 255 388 1141 257 897 444 982 449 899 1122 741 62 -1 964 900 921
45 655 720 392 626 155 632 528 854 354 186 544 436 252 727 944 968 494 444 779 898 849 287 213 821 585 355 817 353 815 398 678 343 329 559 967 964 -1 219 498
236 439 540 230 798 345 414 708 658 377 198 427 241 419 568 843 929 281 231 614 697 760 176 318 814 562 250 810 133 660 192 718 123 228 354 889 900 219 -1 675
460 1039 990 717 128 343 1027 35 1146 433 681 732 798 256 945 989 866 888 903 1001 1201 885 612 368 684 574 854 681 798 1008 868 481 790 828 916 955 921 498 675 -1