-1 26 17 88 50 37 79 35
26 -1 23 90 46 12 87 44
17 23 -1 103 62 31 95 51
88 90 103 -1 44 97 21 54
50 46 62 44 -1 53 45 24
37 12 31 97 53 -1 96 55
79 87 95 21 45 96 -1 44
35 44 51 54 24 55 44 -1